0 1,5 2,47 4,38 6,93 7,86 8,45 9,7 10,45 12,23 13,19 15,83 17,64 18,48 19,7
1 0,5 3,38 5,54 6,60 8,25 10,42 11,8 14,37 15,42 16,7 17,49 18,53 19,53
2 0,47 5,38 6,6 7,30 8,82 9,29 10,17 15,68 16,70 18,64 19,24
3 1,38 7,77 9,18 12,49 13,63 14,42 16,10 17,99 18,84
4 0,38 5,30 7,35 8,28 9,35 11,26 12,9 15,77 18,68 19,44
5 1,54 2,38 4,30 6,20 8,53 11,39 12,69 19,21
6 0,93 1,60 2,6 5,20 9,96 10,92 11,58 12,77 14,95 15,63 16,87 17,26 18,94 19,82
7 0,86 2,30 3,77 4,35 8,80 10,15 11,20 12,76 13,79 14,10 15,37 18,63 19,96
8 0,45 1,25 2,82 4,28 5,53 7,80 9,11 12,49 13,47 14,93 16,41 18,29 19,9
9 0,7 2,29 3,18 4,35 6,96 8,11 10,56 11,30 13,81 14,64 15,13 18,67 19,6
10 0,45 1,42 2,17 6,92 7,15 9,56 11,88 13,55 15,27 16,74 17,8 18,28 19,82
11 1,8 4,26 5,39 6,58 7,20 9,30 10,88 13,18 14,58 16,11 17,35 18,50
12 0,23 3,49 4,9 5,69 6,77 7,76 8,49 15,89 16,82 17,20 18,51
13 0,19 3,63 7,79 8,47 9,81 10,55 11,18 15,54 16,84 17,56 18,22 19,38
14 1,37 3,42 6,95 7,10 8,93 9,64 11,58 16,6
15 0,83 1,42 2,68 4,77 6,63 7,37 9,13 10,27 12,89 13,54 16,4 17,27 19,89
16 1,7 2,70 3,10 6,87 8,41 10,74 11,11 12,82 13,84 14,6 15,4 17,65 18,50 19,89
17 0,64 1,49 3,99 6,26 10,8 11,35 12,20 13,56 15,27 16,65
18 0,48 1,53 2,64 3,84 4,68 6,94 7,63 8,29 9,67 10,28 11,50 12,51 13,22 16,50 19,60
19 0,7 1,53 2,24 4,44 5,21 6,82 7,96 8,9 9,6 10,82 13,38 15,89 16,89 18,60
