0 1,54 2,17 3,91 4,3 5,86 8,92 9,3 10,6 12,57 14,91 15,75 17,57 18,91 19,70 21,70 23,55 24,73 25,7 26,3 27,88 29,89 30,57 32,47 33,25 34,94 35,0 36,92 37,31 39,34 40,19 41,19 42,61 43,63 44,21 45,65 48,16 49,99
1 0,54 2,78 3,16 5,3 6,62 8,83 9,80 12,1 13,0 14,57 16,55 17,69 18,86 19,20 20,94 21,64 25,67 27,97 28,44 29,43 31,28 32,55 35,37 38,36 40,51 41,97 42,67 43,2 44,45 45,23 46,45 47,80 49,64
2 0,17 1,78 3,91 4,46 5,39 6,61 7,61 8,45 9,1 10,31 12,19 13,35 14,15 19,66 20,24 23,28 24,22 25,57 26,41 27,7 28,89 29,69 30,44 36,15 37,89 38,68 39,7 40,39 41,70 43,65 45,89 46,43 47,80 48,37
3 0,91 1,16 2,91 4,6 5,95 6,63 7,73 8,70 9,51 11,53 12,67 15,93 17,37 18,85 19,41 20,44 22,52 24,89 26,9 27,51 29,20 30,91 31,99 33,23 35,97 38,13 39,70 42,56 43,29 44,26 45,60 46,62 48,24 49,58
4 0,3 2,46 3,6 5,43 6,51 11,43 12,45 13,20 14,84 16,42 18,22 20,36 21,10 23,4 25,37 26,63 27,39 28,89 29,72 30,35 31,20 32,1 33,59 35,81 36,20 37,43 39,27 40,39 43,98 46,55 47,61 48,86 49,74
5 0,86 1,3 2,39 3,95 4,43 6,34 7,23 8,14 10,39 11,23 12,89 16,66 18,45 19,1 21,14 26,98 29,66 30,10 32,8 33,27 34,73 35,54 36,79 37,63 38,59 40,41 42,70 43,91 44,97 45,93 46,50 47,50
6 1,62 2,61 3,63 4,51 5,34 7,68 8,50 9,96 13,59 15,22 17,18 20,92 21,28 23,59 24,88 27,72 30,65 32,73 34,73 35,31 37,72 39,77 40,99 41,8 42,66 43,74 44,69 45,25 46,59 47,63 48,83 49,88
7 2,61 3,73 5,23 6,68 11,34 14,28 15,63 16,25 17,2 18,7 19,19 20,54 22,47 24,61 26,44 27,63 29,84 33,10 34,58 38,27 39,60 40,44 41,64 42,68 43,74 44,16 46,80 48,33 49,82
8 0,92 1,83 2,45 3,70 5,14 6,50 9,11 10,24 12,94 14,16 15,56 16,45 18,3 19,28 20,76 21,76 22,79 24,12 25,5 26,83 30,48 31,26 32,79 33,38 34,67 35,13 36,2 38,25 39,45 40,29 41,54 43,84 46,77 47,84 49,34
9 0,3 1,80 2,1 3,51 6,96 8,11 11,33 12,6 13,80 15,9 16,28 17,71 19,35 22,18 25,86 28,31 33,52 34,55 35,24 38,69 39,95 40,52 42,18 43,78 44,21 45,44 47,27 48,92 49,13
10 0,6 2,31 5,39 8,24 12,44 14,63 15,17 16,3 17,55 18,3 19,68 20,67 21,91 23,28 24,91 25,88 26,56 27,31 28,7 32,41 33,23 34,79 35,84 38,2 39,61 43,58 44,99 45,15 46,35 47,58 49,51
11 3,53 4,43 5,23 7,34 9,33 12,39 13,32 14,48 15,22 16,13 17,2 18,44 20,79 22,67 23,27 24,39 28,65 30,39 31,27 32,57 35,23 36,82 38,75 39,44 40,70 41,13 43,83 44,16 45,75 46,14 47,31 48,67 49,95
12 0,57 1,1 2,19 3,67 4,45 5,89 8,94 9,6 10,44 11,39 15,8 16,36 19,3 20,16 21,94 23,34 26,47 27,27 28,57 29,80 31,28 32,73 34,67 35,91 36,62 37,15 38,52 40,96 42,79 43,62 45,81 46,52 48,21 49,47
13 1,0 2,35 4,20 6,59 9,80 11,32 17,21 21,35 22,3 24,24 27,49 28,71 29,61 30,68 32,30 33,3 34,40 37,41 38,48 39,7 42,95 44,88 45,94 46,9 47,98
14 0,91 1,57 2,15 4,84 7,28 8,16 10,63 11,48 15,48 16,76 19,12 20,76 21,41 22,55 23,58 24,65 25,43 26,89 27,58 29,78 31,10 32,98 33,25 36,94 37,78 38,99 39,49 43,93 46,26 47,99 48,87
15 0,75 3,93 6,22 7,63 8,56 9,9 10,17 11,22 12,8 14,48 20,27 21,95 23,77 24,51 25,68 26,61 27,96 29,57 30,44 32,42 33,17 34,90 35,79 36,6 37,40 40,89 41,20 42,81 44,38 46,57 47,37
16 1,55 4,42 5,66 7,25 8,45 9,28 10,3 11,13 12,36 14,76 21,23 22,69 23,54 25,16 26,57 27,33 29,48 30,35 33,4 34,63 35,88 36,15 37,91 40,66 41,10 42,62 43,40 44,49 46,21 47,79 48,12
17 0,57 1,69 3,37 6,18 7,2 9,71 10,55 11,2 13,21 18,57 21,8 23,89 24,87 25,12 26,83 27,33 29,71 31,51 32,35 33,66 34,10 35,99 38,7 39,4 40,86 41,79 42,76 44,56 45,55 46,85 47,83 48,84 49,15
18 0,91 1,86 3,85 4,22 5,45 7,7 8,3 10,3 11,44 17,57 19,45 20,12 22,92 26,83 28,91 29,85 30,4 32,50 33,31 35,8 38,37 39,83 40,80 41,0 42,98 43,73 45,29 48,7 49,98
19 0,70 1,20 2,66 3,41 5,1 7,19 8,28 9,35 10,68 12,3 14,12 18,45 20,39 22,98 24,43 25,77 26,95 27,28 28,27 29,40 30,40 31,17 34,64 37,78 38,41 39,17 43,51 46,91 48,57 49,82
20 1,94 2,24 3,44 4,36 6,92 7,54 8,76 10,67 11,79 12,16 14,76 15,27 18,12 19,39 23,50 25,7 26,69 29,4 30,58 31,45 34,59 35,63 37,26 38,12 39,61 40,34 41,37 42,18 43,16 44,84 45,9 46,20
21 0,70 1,64 4,10 5,14 6,28 8,76 10,91 12,94 13,35 14,41 15,95 16,23 17,8 24,21 26,16 27,71 28,38 31,41 32,62 35,14 36,41 37,1 39,41 40,50 41,42 43,80 44,74 46,64 47,51 48,85 49,15
22 3,52 7,47 8,79 9,18 11,67 13,3 14,55 16,69 18,92 19,98 24,54 27,26 28,2 30,7 31,87 32,82 36,77 38,89 39,28 41,27 42,1 43,37 44,58 46,40 47,28 48,16
23 0,55 2,28 4,4 6,59 10,28 11,27 12,34 14,58 15,77 16,54 17,89 20,50 24,27 26,61 27,94 29,29 32,0 34,23 36,8 38,23 39,40 40,16 41,35 42,96 43,13 44,84 46,28 48,41 49,1
24 0,73 2,22 3,89 6,88 7,61 8,12 10,91 11,39 13,24 14,65 15,51 17,87 19,43 21,21 22,54 23,27 26,36 27,60 29,28 30,38 32,79 33,10 35,50 39,25 41,87 42,87 43,37 44,92 45,79 47,74 48,49 49,34
25 0,7 1,67 2,57 4,37 8,5 9,86 10,88 14,43 15,68 16,16 17,12 19,77 20,7 27,13 28,36 29,30 30,2 32,69 33,72 34,52 35,85 38,70 40,62 43,39 45,33 46,0 47,43 49,63
26 0,3 2,41 3,9 4,63 5,98 7,44 8,83 10,56 12,47 14,89 15,61 16,57 17,83 18,83 19,95 20,69 21,16 23,61 24,36 27,1 29,22 30,43 32,62 33,41 34,66 35,76 36,15 37,89 38,35 39,93 40,21 42,87 43,86 48,53
27 0,88 1,97 2,7 3,51 4,39 6,72 7,63 10,31 12,27 13,49 14,58 15,96 16,33 17,33 19,28 21,71 22,26 23,94 24,60 25,13 26,1 28,37 31,76 32,33 33,38 34,32 36,72 37,56 38,31 40,44 41,57 42,4 43,78 44,21 46,13 47,57 48,92 49,48
28 1,44 2,89 4,89 9,31 10,7 11,65 12,57 13,71 18,91 19,27 21,38 22,2 25,36 27,37 29,32 30,30 31,55 32,40 35,16 36,21 37,54 39,2 41,56 42,58 43,20 45,24 47,88 49,29
29 0,89 1,43 2,69 3,20 4,72 5,66 7,84 12,80 13,61 14,78 15,57 16,48 17,71 18,85 19,40 20,4 23,29 24,28 25,30 26,22 28,32 31,94 34,71 36,12 37,16 38,12 39,20 41,93 42,42 43,74 44,33 49,17
30 0,57 2,44 3,91 4,35 5,10 6,65 8,48 11,39 13,68 15,44 16,35 18,4 19,40 20,58 22,7 24,38 25,2 26,43 28,30 32,42 37,17 39,56 40,72 41,51 42,72 43,22 44,73 45,77 47,79 48,23 49,19
31 1,28 3,99 4,20 8,26 11,27 12,28 14,10 17,51 19,17 20,45 21,41 22,87 27,76 28,55 29,94 33,73 37,95 38,37 40,75 41,42 42,12 43,37 45,63 46,56 47,80 48,95
32 0,47 1,55 4,1 5,8 6,73 8,79 10,41 11,57 12,73 13,30 14,98 15,42 17,35 18,50 21,62 22,82 23,0 24,79 25,69 26,62 27,33 28,40 30,42 33,41 35,11 37,65 41,41 43,48 44,91 45,93 47,48 48,11
33 0,25 3,23 4,59 5,27 7,10 8,38 9,52 10,23 13,3 14,25 15,17 16,4 17,66 18,31 24,10 25,72 26,41 27,38 31,73 32,41 35,96 36,65 37,36 38,47 39,37 44,68 45,87 46,73 48,25
34 0,94 5,73 6,73 7,58 8,67 9,55 10,79 12,67 13,40 15,90 16,63 17,10 19,64 20,59 23,23 25,52 26,66 27,32 29,71 35,0 36,4 37,7 38,63 41,28 43,65 44,20 45,59 46,98 49,55
35 0,0 1,37 3,97 4,81 5,54 6,31 8,13 9,24 10,84 11,23 12,91 15,79 16,88 17,99 18,8 20,63 21,14 24,50 25,85 26,76 28,16 32,11 33,96 34,0 36,33 37,46 38,63 39,94 40,14 41,63 42,70 43,83 44,1 45,41 47,22 48,18 49,42
36 0,92 2,15 4,20 5,79 8,2 11,82 12,62 14,94 15,6 16,15 21,41 22,77 23,8 26,15 27,72 28,21 29,12 33,65 34,4 35,33 37,64 38,81 40,88 41,71 42,66 43,7 44,79 46,55 48,66 49,48
37 0,31 2,89 4,43 5,63 6,72 12,15 13,41 14,78 15,40 16,91 19,78 20,26 21,1 26,89 27,56 28,54 29,16 30,17 31,95 32,65 33,36 34,7 35,46 36,64 42,86 43,26 44,38 45,68 46,28 47,53 48,37 49,89
38 1,36 2,68 3,13 5,59 7,27 8,25 9,69 10,2 11,75 12,52 13,48 14,99 17,7 18,37 19,41 20,12 22,89 23,23 25,70 26,35 27,31 29,12 31,37 33,47 34,63 35,63 36,81 39,40 40,83 41,92 44,93 46,13 47,85 49,40
39 0,34 2,7 3,70 4,27 6,77 7,60 8,45 9,95 10,61 11,44 13,7 14,49 17,4 18,83 19,17 20,61 21,41 22,28 23,40 24,25 26,93 28,2 29,20 30,56 33,37 35,94 38,40 40,85 41,44 44,23
40 0,19 1,51 2,39 4,39 5,41 6,99 7,44 8,29 9,52 11,70 12,96 15,89 16,66 17,86 18,80 20,34 21,50 23,16 25,62 26,21 27,44 30,72 31,75 35,14 36,88 38,83 39,85 41,36 43,80 44,51 45,1 46,4 47,92 48,93 49,79
41 0,19 1,97 2,70 6,8 7,64 8,54 11,13 15,20 16,10 17,79 18,0 20,37 21,42 22,27 23,35 24,87 27,57 28,56 29,93 30,51 31,42 32,41 34,28 35,63 36,71 38,92 39,44 40,36 42,18 44,93 45,0 46,79 47,42 49,85
42 0,61 1,67 3,56 5,70 6,66 7,68 9,18 12,79 13,95 15,81 16,62 17,76 18,98 20,18 22,1 23,96 24,87 26,87 27,4 28,58 29,42 30,72 31,12 35,70 36,66 37,86 41,18 44,33 47,38 48,49 49,2
43 0,63 1,2 2,65 3,29 4,98 5,91 6,74 7,74 8,84 9,78 10,58 11,83 12,62 14,93 16,40 18,73 19,51 20,16 21,80 22,37 23,13 24,37 25,39 26,86 27,78 28,20 29,74 30,22 31,37 32,48 34,65 35,83 36,7 37,26 40,80 44,55 45,84 46,21 47,19 48,17 49,58
44 0,21 1,45 3,26 5,97 6,69 7,16 9,21 10,99 11,16 13,88 15,38 16,49 17,56 20,84 21,74 22,58 23,84 24,92 27,21 29,33 30,73 32,91 33,68 34,20 35,1 36,79 37,38 38,93 39,23 40,51 41,93 42,33 43,55 45,43 46,50 47,8 49,20
45 0,65 1,23 2,89 3,60 5,93 6,25 9,44 10,15 11,75 12,81 13,94 17,55 18,29 20,9 24,79 25,33 28,24 30,77 31,63 32,93 33,87 34,59 35,41 37,68 40,1 41,0 43,84 44,43 48,89 49,57
46 1,45 2,43 3,62 4,55 5,50 6,59 7,80 8,77 10,35 11,14 12,52 13,9 14,26 15,57 16,21 17,85 19,91 20,20 21,64 22,40 23,28 25,0 27,13 31,56 33,73 34,98 36,55 37,28 38,13 40,4 41,79 43,21 44,50 49,87
47 1,80 2,80 4,61 5,50 6,63 8,84 9,27 10,58 11,31 13,98 14,99 15,37 16,79 17,83 21,51 22,28 24,74 25,43 27,57 28,88 30,79 31,80 32,48 35,22 37,53 38,85 40,92 41,42 42,38 43,19 44,8 48,74 49,78
48 0,16 2,37 3,24 4,86 6,83 7,33 9,92 11,67 12,21 14,87 16,12 17,84 18,7 19,57 21,85 22,16 23,41 24,49 26,53 27,92 30,23 31,95 32,11 33,25 35,18 36,66 37,37 40,93 42,49 43,17 45,89 47,74 49,45
49 0,99 1,64 3,58 4,74 6,88 7,82 8,34 9,13 10,51 11,95 12,47 17,15 18,98 19,82 21,15 23,1 24,34 25,63 27,48 28,29 29,17 30,19 34,55 35,42 36,48 37,89 38,40 40,79 41,85 42,2 43,58 44,20 45,57 46,87 47,78 48,45
