0 1,65 2,72 3,42 4,75 5,59 7,59 9,99 10,28 11,15 12,38 15,53 16,20 18,6 19,17 20,74 21,24 22,39 23,71 24,32 25,76 28,16 29,48 30,6 32,36 33,53 34,4 36,85 38,8 41,65 42,78 43,84 45,16 46,79 48,64 49,86
1 0,65 4,49 5,16 6,82 9,89 10,7 13,75 14,47 18,58 19,44 20,16 21,85 23,73 24,94 25,8 26,27 27,52 29,62 31,95 36,27 38,95 39,8 40,30 41,69 42,79 43,41 44,6 45,99 46,48 47,33 48,48 49,95
2 0,72 3,38 4,81 5,98 6,61 7,92 8,9 9,11 10,19 11,83 13,58 14,74 15,10 16,40 18,41 21,23 22,26 26,83 27,18 28,90 29,55 31,11 32,75 34,26 35,55 36,53 37,78 38,28 40,91 43,10 44,45 45,47 49,52
3 0,42 2,38 4,88 6,21 7,99 9,40 10,85 11,47 12,25 13,66 15,20 17,31 18,90 20,27 21,84 23,94 24,25 27,34 32,6 34,1 35,18 37,78 38,34 39,37 40,78 41,39 43,45 45,70 46,29 47,5 49,0
4 0,75 1,49 2,81 3,88 6,47 8,76 9,96 10,4 13,5 15,76 16,4 17,31 18,37 19,2 23,15 24,94 25,51 27,23 28,40 32,64 33,70 35,76 37,92 41,23 42,19 44,31 45,94 46,29 47,32 48,99 49,50
5 0,59 1,16 2,98 6,51 9,92 10,94 11,96 12,25 15,65 16,94 17,11 18,47 19,55 20,82 22,60 23,43 24,78 25,44 26,53 27,2 28,86 29,60 30,49 33,72 35,38 37,55 38,76 39,35 41,70 42,22 43,17 45,15 47,44 48,58
6 1,82 2,61 3,21 4,47 5,51 7,44 9,26 13,70 15,32 16,76 19,90 20,80 22,53 23,47 24,55 25,85 27,38 30,74 32,61 33,45 35,99 36,84 38,29 41,92 42,27 44,33 45,53 49,63
7 0,59 2,92 3,99 6,44 8,74 10,55 13,19 15,12 18,83 19,35 20,93 21,59 22,7 23,12 25,77 26,12 27,78 28,62 34,14 35,33 36,38 37,9 38,9 40,15 41,64 43,84 45,50 47,80 48,48 49,96
8 2,9 4,76 7,74 9,84 12,27 14,61 17,54 18,37 19,88 20,35 21,18 22,69 23,20 26,18 27,2 29,61 31,33 32,42 33,32 34,35 35,93 36,56 37,71 39,93 40,25 44,11 46,39 47,35 48,77
9 0,99 1,89 2,11 3,40 4,96 5,92 6,26 8,84 10,27 11,16 12,33 14,8 16,79 17,58 19,11 21,60 22,21 23,21 25,32 26,69 28,61 29,12 31,25 32,53 33,92 35,71 37,96 39,87 40,66 41,46 42,16 43,15 44,65 45,73 46,88 47,14
10 0,28 1,7 2,19 3,85 4,4 5,94 7,55 9,27 11,87 12,64 14,60 15,33 17,8 18,15 22,52 23,2 26,9 27,93 28,87 29,27 30,36 31,78 32,87 35,47 36,79 37,53 39,9 40,17 41,69 42,83 43,75 44,44 46,36 47,63 49,53
11 0,15 2,83 3,47 5,96 9,16 10,87 12,1 14,82 15,40 17,86 18,7 19,13 20,6 22,40 24,25 25,20 26,68 28,64 29,78 30,77 32,75 34,20 36,5 37,23 38,53 40,32 41,95 42,85 47,19 49,22
12 0,38 3,25 5,25 8,27 9,33 10,64 11,1 15,79 17,99 22,90 24,85 25,35 27,73 28,49 30,85 31,34 33,57 34,58 36,47 37,32 38,5 39,3 40,86 41,7 42,7 43,56 44,92 45,32 46,29
13 1,75 2,58 3,66 4,5 6,70 7,19 14,77 16,25 17,97 19,29 22,48 23,86 24,36 25,18 27,65 28,24 29,81 30,41 32,75 33,60 34,67 35,75 36,25 37,77 38,98 41,77 42,23 43,85 44,68 46,49 47,47 49,74
14 1,47 2,74 8,61 9,8 10,60 11,82 13,77 15,85 16,76 17,12 18,73 19,0 20,96 21,0 22,36 23,54 24,64 25,14 27,37 28,8 30,29 31,5 32,94 33,64 34,62 39,10 40,35 42,75 43,45 44,95 47,17 48,66 49,90
15 0,53 2,10 3,20 4,76 5,65 6,32 7,12 10,33 11,40 12,79 14,85 16,39 17,86 18,29 21,17 22,80 23,58 24,54 25,85 26,34 27,16 29,19 31,97 32,26 33,19 34,56 35,17 37,19 39,10 42,27 43,43 45,53 46,79 47,99 48,22 49,4
16 0,20 2,40 4,4 5,94 6,76 9,79 13,25 14,76 15,39 17,65 19,36 21,83 22,19 29,8 30,28 31,7 32,76 33,43 35,32 36,56 38,66 43,14 45,42 46,79 47,0 49,10
17 3,31 4,31 5,11 8,54 9,58 10,8 11,86 12,99 13,97 14,12 15,86 16,65 18,0 20,44 21,59 24,80 27,23 29,19 31,12 32,51 34,29 37,94 38,66 41,96 43,23 45,28 46,59 47,3 48,19
18 0,6 1,58 2,41 3,90 4,37 5,47 7,83 8,37 10,15 11,7 14,73 15,29 17,0 20,20 22,82 24,51 26,47 28,63 29,53 30,95 32,25 33,16 34,11 36,79 37,58 38,51 39,5 41,6 43,62 44,86 45,66 46,61 49,40
19 0,17 1,44 4,2 5,55 6,90 7,35 8,88 9,11 11,13 13,29 14,0 16,36 20,96 21,0 22,76 23,78 24,99 25,14 26,22 27,56 28,69 31,61 32,28 34,70 37,20 40,68 41,93 44,6 45,96 47,20 48,74 49,11
20 0,74 1,16 3,27 5,82 6,80 7,93 8,35 11,6 14,96 17,44 18,20 19,96 23,27 24,66 30,11 31,12 32,60 33,84 34,61 35,4 36,39 37,91 38,74 39,93 41,51 42,71 44,61 45,8 46,86 47,21 49,14
21 0,24 1,85 2,23 3,84 7,59 8,18 9,60 14,0 15,17 16,83 17,59 19,0 22,19 23,19 24,53 26,11 27,41 28,85 29,73 33,1 35,18 36,63 37,73 39,84 40,13 41,13 42,16 43,31 44,0 45,99 46,37 48,68
22 0,39 2,26 5,60 6,53 7,7 8,69 9,21 10,52 11,40 12,90 13,48 14,36 15,80 16,19 18,82 19,76 21,19 24,87 25,83 27,50 28,19 29,82 31,69 32,80 34,31 36,33 37,91 38,80 40,73 42,67 44,11 45,59 47,79 48,73 49,51
23 0,71 1,73 3,94 4,15 5,43 6,47 7,12 8,20 9,21 10,2 13,86 14,54 15,58 19,78 20,27 21,19 24,42 25,2 26,4 27,80 28,91 31,29 32,44 33,55 35,20 36,88 37,54 38,0 40,4 41,40 45,53 46,1 47,3
24 0,32 1,94 3,25 4,94 5,78 6,55 11,25 12,85 13,36 14,64 15,54 17,80 18,51 19,99 20,66 21,53 22,87 23,42 28,54 30,12 32,13 33,30 34,12 35,12 36,37 37,71 38,84 39,45 44,86 45,76 46,14 48,4 49,9
25 0,76 1,8 4,51 5,44 6,85 7,77 9,32 11,20 12,35 13,18 14,14 15,85 19,14 22,83 23,2 26,58 27,19 30,33 31,28 32,36 33,36 35,17 36,22 37,77 38,6 39,75 40,56 41,53 42,31 46,13 47,74 48,61
26 1,27 2,83 5,53 7,12 8,18 9,69 10,9 11,68 15,34 18,47 19,22 21,11 23,4 25,58 27,63 28,78 29,63 30,51 32,92 34,7 36,43 37,5 38,27 39,11 40,82 41,99 42,77 43,36 44,57 47,97 48,52
27 1,52 2,18 3,34 4,23 5,2 6,38 7,78 8,2 10,93 12,73 13,65 14,37 15,16 17,23 19,56 21,41 22,50 23,80 25,19 26,63 28,40 29,70 30,48 31,48 33,30 34,5 35,26 37,0 39,92 40,60 41,45 43,27 44,3 45,51 48,12
28 0,16 2,90 4,40 5,86 7,62 9,61 10,87 11,64 12,49 13,24 14,8 18,63 19,69 21,85 22,19 23,91 24,54 26,78 27,40 29,61 30,72 32,36 33,67 35,24 37,66 38,12 39,12 40,54 41,49 42,49 47,61 48,9 49,37
29 0,48 1,62 2,55 5,60 8,61 9,12 10,27 11,78 13,81 15,19 16,8 17,19 18,53 21,73 22,82 26,63 27,70 28,61 30,15 32,67 33,58 34,95 35,27 36,48 37,16 38,87 40,21 41,58 42,32 43,97 46,85 48,75 49,74
30 0,6 5,49 6,74 10,36 11,77 12,85 13,41 14,29 16,28 18,95 20,11 24,12 25,33 26,51 27,48 28,72 29,15 31,94 32,97 34,97 35,19 37,41 38,25 39,11 41,77 43,14 44,34 47,54 49,98
31 1,95 2,11 8,33 9,25 10,78 12,34 14,5 15,97 16,7 17,12 19,61 20,12 22,69 23,29 25,28 27,48 30,94 32,50 34,85 35,32 38,46 41,56 42,5 45,41 46,45 48,70
32 0,36 2,75 3,6 4,64 6,61 8,42 9,53 10,87 11,75 13,75 14,94 15,26 16,76 17,51 18,25 19,28 20,60 22,80 23,44 24,13 25,36 26,92 28,36 29,67 30,97 31,50 34,99 36,75 38,54 39,31 41,16 43,93 44,46 45,17 47,80 48,53 49,92
33 0,53 4,70 5,72 6,45 8,32 9,92 12,57 13,60 14,64 15,19 16,43 18,16 20,84 21,1 23,55 24,30 25,36 27,30 28,67 29,58 34,44 35,50 38,69 39,89 40,41 44,30 46,78 47,85 49,91
34 0,4 2,26 3,1 7,14 8,35 11,20 12,58 13,67 14,62 15,56 17,29 18,11 19,70 20,61 22,31 24,12 26,7 27,5 29,95 30,97 31,85 32,99 33,44 37,81 39,10 40,33 41,2 42,29 43,86 45,83 46,46 47,81
35 2,55 3,18 4,76 5,38 6,99 7,33 8,93 9,71 10,47 13,75 15,17 16,32 20,4 21,18 23,20 24,12 25,17 27,26 28,24 29,27 30,19 31,32 33,50 36,32 39,27 40,23 41,39 42,71 44,0 45,96 46,70 49,98
36 0,85 1,27 2,53 6,84 7,38 8,56 10,79 11,5 12,47 13,25 16,56 18,79 20,39 21,63 22,33 23,88 24,37 25,22 26,43 29,48 32,75 35,32 37,45 38,38 41,31 43,88 44,15 45,83 46,70 47,0 48,36 49,91
37 2,78 3,78 4,92 5,55 7,9 8,71 9,96 10,53 11,23 12,32 13,77 15,19 17,94 18,58 19,20 20,91 21,73 22,91 23,54 24,71 25,77 26,5 27,0 28,66 29,16 30,41 34,81 36,45 39,57 41,4 42,56 45,81 46,73 48,61
38 0,8 1,95 2,28 3,34 5,76 6,29 7,9 11,53 12,5 13,98 16,66 17,66 18,51 20,74 22,80 23,0 24,84 25,6 26,27 28,12 29,87 30,25 31,46 32,54 33,69 36,38 40,54 41,43 43,31 44,18 45,61 47,30
39 1,8 3,37 5,35 8,93 9,87 10,9 12,3 14,10 15,10 18,5 20,93 21,84 24,45 25,75 26,11 27,92 28,12 30,11 32,31 33,89 34,10 35,27 37,57 40,60 41,51 42,55 44,78 45,17 46,58 47,13 48,30 49,52
40 1,30 2,91 3,78 7,15 8,25 9,66 10,17 11,32 12,86 14,35 19,68 21,13 22,73 23,4 25,56 26,82 27,60 28,54 29,21 33,41 34,33 35,23 38,54 39,60 41,85 42,48 44,45 46,42 47,48 48,56
41 0,65 1,69 3,39 4,23 5,70 6,92 7,64 9,46 10,69 11,95 12,7 13,77 17,96 18,6 19,93 20,51 21,13 23,40 25,53 26,99 27,45 28,49 29,58 30,77 31,56 32,16 34,2 35,39 36,31 37,4 38,43 39,51 40,85 42,81 45,98 46,92 47,1 48,38 49,66
42 0,78 1,79 4,19 5,22 6,27 9,16 10,83 11,85 12,7 13,23 14,75 15,27 20,71 21,16 22,67 25,31 26,77 28,49 29,32 31,5 34,29 35,71 37,56 39,55 40,48 41,81 43,11 44,11 46,25 49,28
43 0,84 1,41 2,10 3,45 5,17 7,84 9,15 10,75 12,56 13,85 14,45 15,43 16,14 17,23 18,62 21,31 26,36 27,27 29,97 30,14 32,93 34,86 36,88 38,31 42,11 44,93 46,88 47,3 48,22 49,63
44 1,6 2,45 4,31 6,33 8,11 9,65 10,44 12,92 13,68 14,95 18,86 19,6 20,61 21,0 22,11 24,86 26,57 27,3 30,34 32,46 33,30 35,0 36,15 38,18 39,78 40,45 42,11 43,93 46,7 47,59 48,80 49,11
45 0,16 1,99 2,47 3,70 4,94 5,15 6,53 7,50 9,73 12,32 15,53 16,42 17,28 18,66 19,96 20,8 21,99 22,59 23,53 24,76 27,51 31,41 32,17 34,83 35,96 36,83 37,81 38,61 39,17 41,98 46,15 48,58
46 0,79 1,48 3,29 4,29 8,39 9,88 10,36 12,29 13,49 15,79 16,79 17,59 18,61 20,86 21,37 23,1 24,14 25,13 29,85 31,45 33,78 34,46 35,70 36,70 37,73 39,58 40,42 41,92 42,25 43,88 44,7 45,15 48,76
47 1,33 3,5 4,32 5,44 7,80 8,35 9,14 10,63 11,19 13,47 14,17 15,99 16,0 17,3 19,20 20,21 22,79 23,3 25,74 26,97 28,61 30,54 32,80 33,85 34,81 36,0 38,30 39,13 40,48 41,1 43,3 44,59 48,62 49,56
48 0,64 1,48 4,99 5,58 7,48 8,77 14,66 15,22 17,19 19,74 21,68 22,73 24,4 25,61 26,52 27,12 28,9 29,75 31,70 32,53 36,36 37,61 39,30 40,56 41,38 43,22 44,80 45,58 46,76 47,62 49,82
49 0,86 1,95 2,52 3,0 4,50 6,63 7,96 10,53 11,22 13,74 14,90 15,4 16,10 18,40 19,11 20,14 22,51 24,9 28,37 29,74 30,98 32,92 33,91 35,98 36,91 39,52 41,66 42,28 43,63 44,11 47,56 48,82
