0 1,59 3,33 4,17 5,99 6,90 7,38 9,26 12,4 14,28 15,19 16,63 17,80 20,56 22,4 23,22 24,47 25,52 26,88 27,62 28,33 29,51 30,39 33,65 35,16 36,11 37,23 38,40 41,93 42,51 44,2 45,64 46,41 47,91 48,16 49,65
1 0,59 2,53 3,38 4,18 5,8 8,94 9,22 10,62 11,47 14,38 15,35 16,12 18,26 19,86 24,41 28,81 29,55 30,58 31,90 32,39 33,34 35,20 36,88 37,19 39,36 44,23 45,86 46,45 47,2 48,78 49,51
2 1,53 7,94 8,26 10,31 11,62 15,42 17,98 20,79 21,32 23,95 24,42 25,90 26,24 27,77 29,85 31,44 32,14 34,79 35,71 36,18 37,67 39,49 40,85 41,83 42,76 44,25 46,81 47,91
3 0,33 1,38 4,59 8,69 11,18 15,11 16,49 17,30 18,27 19,18 20,49 21,54 24,91 26,86 27,30 28,88 29,30 32,11 34,73 36,33 37,63 38,18 39,12 40,39 42,81 43,66 46,42 47,20 48,60 49,67
4 0,17 1,18 3,59 6,45 7,40 8,79 10,10 11,39 12,81 13,45 16,46 18,37 21,22 25,77 26,37 27,22 28,49 29,56 31,5 32,6 33,12 35,72 36,58 37,75 38,40 41,25 42,52 45,51 49,51
5 0,99 1,8 6,32 7,74 8,34 9,49 10,40 11,72 12,35 13,54 15,37 16,52 18,56 19,89 21,22 27,26 28,63 29,38 30,22 31,16 33,60 34,68 35,17 36,8 38,20 39,73 42,29 43,18 44,39 45,9 46,0 48,61 49,2
6 0,90 4,45 5,32 7,12 9,96 11,39 14,93 17,53 18,83 19,45 20,99 21,62 25,59 26,75 27,35 29,68 30,98 35,85 36,67 40,68 41,19 42,76 44,22 45,37 47,54 49,40
7 0,38 2,94 4,40 5,74 6,12 8,2 10,68 11,27 12,83 13,70 15,81 17,17 18,56 19,86 21,64 22,5 24,20 25,82 26,76 28,76 30,20 31,59 32,12 33,15 34,44 37,65 39,55 40,32 42,32 43,6 44,61 45,59 46,92 48,60 49,60
8 1,94 2,26 3,69 4,79 5,34 7,2 9,37 11,45 12,1 14,4 16,56 17,88 19,62 20,38 21,3 23,84 26,8 27,96 28,61 29,1 30,22 31,32 32,73 33,45 34,66 35,76 36,7 37,62 39,95 40,28 42,85 44,52 45,18 46,2 47,49 48,3 49,35
9 0,26 1,22 5,49 6,96 8,37 10,46 11,42 14,57 15,42 17,65 19,73 20,94 21,21 23,20 24,10 25,86 27,86 28,8 29,97 30,82 31,47 34,69 35,23 36,6 37,98 38,92 39,87 40,43 41,98 43,99 44,54 45,30 48,66
10 1,62 2,31 4,10 5,40 7,68 9,46 12,66 14,55 15,93 16,46 17,15 18,45 21,68 24,18 25,45 27,27 28,26 30,35 31,51 34,85 36,21 37,56 39,17 40,54 41,3 46,54 47,31 48,36 49,78
11 1,47 2,62 3,18 4,39 5,72 6,39 7,27 8,45 9,42 12,10 13,14 14,19 16,75 18,26 19,85 20,47 21,55 23,83 25,32 26,95 27,11 28,21 29,74 31,14 32,71 33,88 34,16 35,73 36,51 37,69 38,61 40,25 41,81 42,93 43,83 44,18 45,38 46,72 47,10 49,3
12 0,4 4,81 5,35 7,83 8,1 10,66 11,10 13,19 14,39 15,32 17,88 18,10 19,82 21,33 23,53 24,71 26,54 27,27 28,40 29,63 30,55 31,36 35,0 36,35 37,44 40,11 41,27 42,94 43,96 44,41 45,87 46,37 47,41 48,12
13 4,45 5,54 7,70 11,14 12,19 14,88 19,44 20,96 21,11 22,47 24,27 26,56 27,38 28,71 32,48 34,32 35,20 36,85 40,68 41,75 44,15 45,97 46,64 47,91 48,37
14 0,28 1,38 6,93 8,4 9,57 10,55 11,19 12,39 13,88 15,54 16,71 17,24 18,53 19,95 21,54 23,72 26,96 28,18 32,22 35,43 36,20 38,15 39,30 41,95 44,9 46,19 47,28
15 0,19 1,35 2,42 3,11 5,37 7,81 9,42 10,93 12,32 14,54 18,45 19,63 23,6 27,26 29,98 30,43 31,68 32,43 33,93 34,14 35,27 36,22 37,54 39,52 40,75 41,71 42,44 43,78 44,58 45,88 46,94 48,45 49,0
16 0,63 1,12 3,49 4,46 5,52 8,56 10,46 11,75 14,71 18,76 20,27 22,70 23,63 24,36 25,1 26,76 28,87 30,5 31,59 33,36 34,32 35,19 36,20 38,87 39,36 40,24 41,20 42,56 44,11 47,96 48,3 49,42
17 0,80 2,98 3,30 6,53 7,17 8,88 9,65 10,15 12,88 14,24 18,99 19,70 23,11 24,74 25,59 26,83 28,76 32,17 33,66 34,95 35,83 37,59 38,7 39,40 40,37 41,96 46,51 47,89 49,14
18 1,26 3,27 4,37 5,56 6,83 7,56 10,45 11,26 12,10 14,53 15,45 16,76 17,99 21,38 22,6 24,70 26,62 27,52 28,70 29,60 30,10 31,57 32,18 33,90 34,5 35,43 37,12 38,91 39,6 40,32 41,43 43,19 44,64 45,69 46,83 48,71
19 1,86 3,18 5,89 6,45 7,86 8,62 9,73 11,85 12,82 13,44 14,95 15,63 17,70 20,24 21,7 22,3 23,96 24,33 27,5 29,13 30,18 31,15 33,15 34,54 36,54 42,84 43,18 45,11 46,86 47,61 49,51
20 0,56 2,79 3,49 6,99 8,38 9,94 11,47 13,96 16,27 19,24 21,23 22,34 23,82 24,82 26,74 27,41 28,61 29,63 30,83 31,72 32,32 34,95 35,17 36,77 37,85 40,30 41,28 42,15 43,17 44,29 46,3 47,30 48,2 49,99
21 2,32 3,54 4,22 5,22 6,62 7,64 8,3 9,21 10,68 11,55 12,33 13,11 14,54 18,38 19,7 20,23 22,43 24,99 26,59 29,15 31,50 32,91 33,82 35,70 36,32 37,1 39,29 41,9 43,95 44,90 48,67
22 0,4 7,5 13,47 16,70 18,6 19,3 20,34 21,43 23,46 26,77 27,93 29,44 30,13 31,72 33,63 34,15 36,88 38,2 39,86 40,36 41,49 42,35 43,37 44,79 47,56 48,8
23 0,22 2,95 8,84 9,20 11,83 12,53 14,72 15,6 16,63 17,11 19,96 20,82 22,46 24,61 25,20 26,21 27,82 28,81 31,19 33,43 34,7 35,16 36,59 37,56 38,23 39,36 40,69 41,34 42,60 46,16 47,90
24 0,47 1,41 2,42 3,91 7,20 9,10 10,18 12,71 13,27 16,36 17,74 18,70 19,33 20,82 21,99 23,61 25,97 26,62 27,64 29,48 30,83 31,89 32,41 35,86 37,58 39,8 40,50 41,55 42,25 43,41 48,87 49,22
25 0,52 2,90 4,77 6,59 7,82 9,86 10,45 11,32 16,1 17,59 23,20 24,97 26,56 27,14 28,7 29,99 31,14 32,75 33,35 34,21 36,85 37,80 38,41 39,27 41,62 42,62 45,58 47,12 48,15 49,59
26 0,88 2,24 3,86 4,37 6,75 7,76 8,8 11,95 12,54 13,56 14,96 16,76 17,83 18,62 20,74 21,59 22,77 23,21 24,62 25,56 27,44 28,4 29,14 30,52 31,8 32,78 33,52 34,99 35,63 40,78 41,84 42,75 44,96 47,15 49,25
27 0,62 2,77 3,30 4,22 5,26 6,35 8,96 9,86 10,27 11,11 12,27 13,38 15,26 18,52 19,5 20,41 22,93 23,82 24,64 25,14 26,44 28,25 29,99 30,37 31,2 34,88 35,13 36,84 38,37 39,77 40,66 41,56 43,40 44,5 46,17 48,49 49,61
28 0,33 1,81 3,88 4,49 5,63 7,76 8,61 9,8 10,26 11,21 12,40 13,71 14,18 16,87 17,76 18,70 20,61 23,81 25,7 26,4 27,25 29,94 30,81 31,91 32,66 33,97 34,97 36,19 37,8 38,25 39,39 43,95 44,26 46,11 49,22
29 0,51 1,55 2,85 3,30 4,56 5,38 6,68 8,1 9,97 11,74 12,63 15,98 18,60 19,13 20,63 21,15 22,44 24,48 25,99 26,14 27,99 28,94 30,62 33,2 34,80 36,20 37,30 39,17 40,5 47,96 48,97
30 0,39 1,58 5,22 6,98 7,20 8,22 9,82 10,35 12,55 15,43 16,5 18,10 19,18 20,83 22,13 24,83 26,52 27,37 28,81 29,62 31,35 36,91 37,35 38,30 40,49 42,26 43,80 45,88 47,30 48,34 49,30
31 1,90 2,44 4,5 5,16 7,59 8,32 9,47 10,51 11,14 12,36 15,68 16,59 18,57 19,15 20,72 21,50 22,72 23,19 24,89 25,14 26,8 27,2 28,91 30,35 33,78 34,11 35,4 36,7 37,16 38,81 40,15 42,57 45,76 46,14 47,35 48,40 49,75
32 1,39 2,14 3,11 4,6 7,12 8,73 11,71 13,48 14,22 15,43 17,17 18,18 20,32 21,91 24,41 25,75 26,78 28,66 33,6 36,97 37,54 38,68 39,6 40,33 41,35 42,8 43,20 44,17 45,12 49,13
33 0,65 1,34 4,12 5,60 7,15 8,45 11,88 15,93 16,36 17,66 18,90 19,15 21,82 22,63 23,43 25,35 26,52 28,97 29,2 31,78 32,6 35,67 37,42 39,29 40,60 41,23 42,88 44,69 46,74 47,33 48,63 49,16
34 2,79 3,73 5,68 7,44 8,66 9,69 10,85 11,16 13,32 15,14 16,32 17,95 18,5 19,54 20,95 22,15 23,7 25,21 26,99 27,88 28,97 29,80 31,11 36,84 38,76 39,45 40,53 43,20 44,12 46,63 48,50 49,48
35 0,16 1,20 2,71 4,72 5,17 6,85 8,76 9,23 11,73 12,0 13,20 14,43 15,27 16,19 17,83 18,43 20,17 21,70 23,16 24,86 26,63 27,13 31,4 33,67 36,86 38,96 39,91 43,46 44,76 45,99 48,55
36 0,11 1,88 2,18 3,33 4,58 5,8 6,67 8,7 9,6 10,21 11,51 12,35 13,85 14,20 15,22 16,20 19,54 20,77 21,32 22,88 23,59 25,85 27,84 28,19 29,20 30,91 31,7 32,97 34,84 35,86 37,5 38,30 40,7 42,45 43,35 44,86 45,70 47,6 48,82
37 0,23 1,19 2,67 3,63 4,75 7,65 8,62 9,98 10,56 11,69 12,44 15,54 17,59 18,12 20,85 21,1 23,56 24,58 25,80 28,8 29,30 30,35 31,16 32,54 33,42 36,5 40,12 41,4 42,96 43,22 44,18 45,63 46,66 48,95 49,23
38 0,40 3,18 4,40 5,20 9,92 11,61 14,15 16,87 17,7 18,91 22,2 23,23 25,41 27,37 28,25 30,30 31,81 32,68 34,76 35,96 36,30 39,82 42,6 43,80 46,56 49,59
39 1,36 2,49 3,12 5,73 7,55 8,95 9,87 10,17 14,30 15,52 16,36 17,40 18,6 21,29 22,86 23,36 24,8 25,27 27,77 28,39 29,17 32,6 33,29 34,45 35,91 38,82 40,86 41,9 43,81 44,97 46,39 47,73 49,15
40 2,85 3,39 6,68 7,32 8,28 9,43 10,54 11,25 12,11 13,68 15,75 16,24 17,37 18,32 20,30 22,36 23,69 24,50 26,78 27,66 29,5 30,49 31,15 32,33 33,60 34,53 36,7 37,12 39,86 42,86 45,40 47,51 48,56
41 0,93 2,83 4,25 6,19 9,98 10,3 11,81 12,27 13,75 14,95 15,71 16,20 17,96 18,43 20,28 21,9 22,49 23,34 24,55 25,62 26,84 27,56 32,35 33,23 37,4 39,9 42,1 45,58 47,16 49,52
42 0,51 2,76 3,81 4,52 5,29 6,76 7,32 8,85 11,93 12,94 15,44 16,56 19,84 20,15 22,35 23,60 24,25 25,62 26,75 30,26 31,57 32,8 33,88 36,45 37,96 38,6 40,86 41,1 43,42 44,18 45,90 46,45 49,89
43 3,66 5,18 7,6 9,99 11,83 12,96 15,78 18,19 19,18 20,17 21,95 22,37 24,41 27,40 28,95 30,80 32,20 34,20 35,46 36,35 37,22 38,80 39,81 42,42 45,36 46,56 47,4 48,35 49,81
44 0,2 1,23 2,25 5,39 6,22 7,61 8,52 9,54 11,18 12,41 13,15 14,9 15,58 16,11 18,64 20,29 21,90 22,79 26,96 27,5 28,26 32,17 33,69 34,12 35,76 36,86 37,18 39,97 42,18 45,18 46,40 47,0 48,48 49,86
45 0,64 1,86 4,51 5,9 6,37 7,59 8,18 9,30 11,38 12,87 13,97 15,88 18,69 19,11 25,58 30,88 31,76 32,12 35,99 36,70 37,63 40,40 41,58 42,90 43,36 44,18 46,0 48,80
46 0,41 1,45 2,81 3,42 5,0 7,92 8,2 10,54 11,72 12,37 13,64 14,19 15,94 17,51 18,83 19,86 20,3 23,16 27,17 28,11 31,14 33,74 34,63 37,66 38,56 39,39 42,45 43,56 44,40 45,0 47,95 49,17
47 0,91 1,2 2,91 3,20 6,54 8,49 10,31 11,10 12,41 13,91 14,28 16,96 17,89 19,61 20,30 22,56 23,90 25,12 26,15 29,96 30,30 31,35 33,33 36,6 39,73 40,51 41,16 43,4 44,0 46,95 48,23 49,27
48 0,16 1,78 3,60 5,61 7,60 8,3 9,66 10,36 12,12 13,37 15,45 16,3 18,71 20,2 21,67 22,8 24,87 25,15 27,49 29,97 30,34 31,40 33,63 34,50 35,55 36,82 37,95 40,56 43,35 44,48 45,80 47,23 49,7
49 0,65 1,51 3,67 4,51 5,2 6,40 7,60 8,35 10,78 11,3 15,0 16,42 17,14 19,51 20,99 24,22 25,59 26,25 27,61 28,22 30,30 31,75 32,13 33,16 34,48 37,23 38,59 39,15 41,52 42,89 43,81 44,86 46,17 47,27 48,7
