0 2,75 3,0 4,92 8,6 9,19 11,7 13,50 15,58 17,31 18,56 21,80 22,29 23,41 24,22 25,62 26,59 28,0 30,81 32,2 33,45 35,62 36,11 37,99 38,49 40,29 42,58 44,97 46,14 47,66 48,48
1 4,66 5,21 6,59 7,22 8,10 9,63 10,9 13,66 14,31 15,60 16,31 17,68 18,43 21,5 24,13 25,41 26,59 27,4 28,47 30,42 33,95 35,89 37,49 38,0 39,26 40,16 42,7 44,24 45,2 47,3 48,56 49,76
2 0,75 3,34 4,1 5,41 6,63 7,29 8,30 9,65 12,53 14,5 15,64 16,54 17,31 18,52 19,19 20,59 22,98 23,31 28,33 29,18 33,58 34,30 35,57 36,90 37,25 38,0 39,13 40,55 41,60 42,45 47,93 48,64 49,57
3 0,0 2,34 6,73 7,9 11,12 13,42 14,15 16,6 17,37 19,10 20,39 22,92 23,12 24,12 25,58 31,53 32,11 34,54 35,14 36,18 38,0 39,93 40,45 41,47 42,23 47,95 48,74
4 0,92 1,66 2,1 6,99 7,76 8,71 9,60 10,39 12,58 13,25 15,29 16,26 18,36 19,22 20,92 21,92 22,86 24,83 28,29 29,67 30,51 31,66 32,83 33,60 35,29 36,29 37,17 38,57 40,9 43,38 44,63 45,11
5 1,21 2,41 7,37 8,21 9,26 10,61 11,16 12,71 13,21 14,51 15,95 16,17 17,46 18,94 19,5 21,44 22,14 23,17 24,26 25,54 26,39 27,25 28,29 29,41 30,87 31,42 32,89 33,8 35,43 36,51 37,31 39,54 42,84 43,69 44,1 45,52 48,72
6 1,59 2,63 3,73 4,99 7,86 8,14 11,23 12,48 13,57 14,85 15,94 16,38 18,30 19,34 22,47 23,71 24,53 26,2 27,49 32,18 36,88 37,30 40,13 41,74 42,40 43,58 44,60 45,48 47,82
7 1,22 2,29 3,9 4,76 5,37 6,86 11,53 12,26 13,69 15,70 16,77 18,6 19,56 21,20 22,85 23,40 24,59 25,41 29,60 30,69 31,56 32,85 33,5 34,56 36,22 39,95 40,94 42,1 44,14 45,15 49,33
8 0,6 1,10 2,30 4,71 5,21 6,14 9,75 10,60 11,90 13,82 14,10 16,53 19,3 20,25 22,86 23,35 24,34 25,80 26,25 28,80 29,27 30,33 31,72 32,88 36,19 38,56 41,58 45,86 47,74
9 0,19 1,63 2,65 4,60 5,26 8,75 10,17 11,53 12,34 13,60 17,24 20,2 21,22 22,70 23,1 24,4 25,72 27,47 28,21 29,95 30,22 31,69 32,1 33,79 34,10 35,52 36,53 37,34 39,37 41,76 42,77 44,57 45,74 46,33 47,54 48,88 49,36
10 1,9 4,39 5,61 8,60 9,17 11,23 12,26 13,45 14,80 15,40 16,85 17,51 19,2 21,96 22,48 25,35 26,27 29,45 30,69 31,85 32,69 35,32 36,27 38,60 39,0 40,76 41,46 43,16 44,1 45,19 46,44 48,70 49,88
11 0,7 3,12 5,16 6,23 7,53 8,90 9,53 10,23 13,48 14,65 15,24 17,64 18,93 19,3 20,57 22,62 27,89 28,41 32,66 34,13 35,91 36,1 37,53 38,18 39,22 40,52 41,15 43,8 44,89 47,74 48,98
12 2,53 4,58 5,71 6,48 7,26 9,34 10,26 15,42 16,41 17,71 18,66 19,66 20,51 22,38 23,62 24,84 25,7 27,91 28,17 29,43 35,26 36,63 38,63 39,73 42,8 45,90 46,61 47,17 49,46
13 0,50 1,66 3,42 4,25 5,21 6,57 7,69 8,82 9,60 10,45 11,48 15,91 16,91 17,30 18,2 19,14 21,83 22,63 23,31 26,46 29,52 31,99 32,2 33,53 37,59 41,68 42,93 43,85 46,29 47,98 48,73
14 1,31 2,5 3,15 5,51 6,85 8,10 10,80 11,65 15,42 17,45 18,2 19,81 20,43 21,46 22,34 23,12 24,14 25,62 26,18 27,19 28,40 29,60 30,88 31,43 33,86 35,94 38,36 39,16 42,10 46,77 47,50 48,23
15 0,58 1,60 2,64 4,29 5,95 6,94 7,70 10,40 11,24 12,42 13,91 14,42 18,49 19,83 21,8 24,13 25,87 27,80 29,86 30,8 31,88 32,63 33,71 35,33 36,92 37,89 38,96 39,49 40,79 41,51 43,17 45,37 47,51 48,69 49,84
16 1,31 2,54 3,6 4,26 5,17 6,38 7,77 8,53 10,85 12,41 13,91 18,36 19,57 22,1 25,28 26,85 27,20 28,36 29,30 30,34 31,69 32,56 33,53 34,94 35,6 36,42 37,60 38,45 42,89 43,93 44,59 45,23 46,74 49,13
17 0,31 1,68 2,31 3,37 5,46 9,24 10,51 11,64 12,71 13,30 14,45 18,10 19,84 20,87 21,81 23,57 25,52 26,26 28,56 29,58 30,75 33,58 34,88 36,81 37,53 38,1 39,95 40,28 44,79 45,74 46,29 47,2 49,87
18 0,56 1,43 2,52 4,36 5,94 6,30 7,6 11,93 12,66 13,2 14,2 15,49 16,36 17,10 19,45 20,9 21,91 23,63 24,29 26,5 27,6 29,77 30,55 31,8 33,72 38,85 39,57 40,81 41,90 43,75 46,59 47,3 48,57 49,74
19 2,19 3,10 4,22 5,5 6,34 7,56 8,3 10,2 11,3 12,66 13,14 14,81 15,83 16,57 17,84 18,45 20,23 21,35 23,21 24,40 25,40 26,43 27,99 28,88 30,82 32,10 33,88 34,97 35,53 36,7 37,74 38,2 40,6 41,57 43,47 44,82 45,48 46,87 47,40
20 2,59 3,39 4,92 8,25 9,2 11,57 12,51 14,43 17,87 18,9 19,23 21,14 26,46 27,37 28,2 30,69 33,47 35,45 36,3 37,32 41,98 43,5 44,23 45,5 46,40 48,69 49,10
21 0,80 1,5 4,92 5,44 7,20 9,22 10,96 13,83 14,46 15,8 17,81 18,91 19,35 20,14 22,58 23,27 26,55 27,5 29,16 30,52 31,60 32,86 33,27 34,25 37,90 39,63 40,54 42,86 43,74 44,7 46,54 47,30 49,51
22 0,29 2,98 3,92 4,86 5,14 6,47 7,85 8,86 9,70 10,48 11,62 12,38 13,63 14,34 16,1 21,58 23,46 26,96 28,99 29,1 30,64 31,49 32,72 33,54 35,39 36,67 37,54 38,73 39,24 40,83 42,23 43,59 44,62 47,59 48,63 49,23
23 0,41 2,31 3,12 5,17 6,71 7,40 8,35 9,1 12,62 13,31 14,12 17,57 18,63 19,21 21,27 22,46 24,94 25,22 26,41 27,76 28,85 30,7 31,88 35,47 36,4 39,41 41,85 42,85 44,61 45,34 46,67 49,89
24 0,22 1,13 3,12 4,83 5,26 6,53 7,59 8,34 9,4 12,84 14,14 15,13 18,29 19,40 23,94 26,72 27,89 28,45 31,16 32,76 33,67 34,31 35,97 37,65 40,31 41,40 43,50 44,2
25 0,62 1,41 3,58 5,54 7,41 8,80 9,72 10,35 12,7 14,62 15,87 16,28 17,52 19,40 23,22 26,99 27,43 28,33 29,20 31,4 33,59 35,24 37,52 38,73 39,29 40,8 41,54 42,48 43,87 44,46 46,99 47,31
26 0,59 1,59 5,39 6,2 8,25 10,27 13,46 14,18 16,85 17,26 18,5 19,43 20,46 21,55 22,96 23,41 24,72 25,99 27,15 28,87 29,93 34,49 36,17 40,32 41,62 42,16 44,86 46,14 48,19 49,3
27 1,4 5,25 6,49 9,47 11,89 12,91 14,19 15,80 16,20 18,6 19,99 20,37 21,5 23,76 24,89 25,43 26,15 28,78 29,46 32,54 34,31 35,36 39,76 41,56 42,79 43,79 44,73 45,79 47,38 48,84 49,40
28 0,0 1,47 2,33 4,29 5,29 8,80 9,21 11,41 12,17 14,40 16,36 17,56 19,88 20,2 22,99 23,85 24,45 25,33 26,87 27,78 29,86 30,44 31,75 32,75 34,51 35,92 37,37 38,18 39,77 40,37 41,36 42,1 43,14 44,10 45,54 47,53 48,2 49,73
29 2,18 4,67 5,41 7,60 8,27 9,95 10,45 12,43 13,52 14,60 15,86 16,30 17,58 18,77 21,16 22,1 25,20 26,93 27,46 28,86 30,25 31,98 34,23 35,58 36,86 37,70 40,60 41,74 42,32 43,58 44,14 46,61 49,51
30 0,81 1,42 4,51 5,87 7,69 8,33 9,22 10,69 14,88 15,8 16,34 17,75 18,55 19,82 20,69 21,52 22,64 23,7 28,44 29,25 33,90 35,6 37,21 38,77 41,2 42,16 44,24 45,95 46,13 48,63 49,45
31 3,53 4,66 5,42 7,56 8,72 9,69 10,85 13,99 14,43 15,88 16,69 18,8 21,60 22,49 23,88 24,16 25,4 28,75 29,98 32,50 33,13 34,90 35,2 36,39 37,24 38,7 39,98 40,82 43,91 45,0 46,77 47,69 49,23
32 0,2 3,11 4,83 5,89 6,18 7,85 8,88 9,1 10,69 11,66 13,2 15,63 16,56 19,10 21,86 22,72 24,76 27,54 28,75 31,50 34,69 36,40 37,50 38,96 40,93 41,82 42,88 44,16 46,72 48,32 49,54
33 0,45 1,95 2,58 4,60 5,8 7,5 9,79 13,53 14,86 15,71 16,53 17,58 18,72 19,88 20,47 21,27 22,54 24,67 25,59 30,90 31,13 34,39 36,61 39,78 42,4 43,90 44,27 45,86 48,10
34 2,30 3,54 7,56 9,10 11,13 16,94 17,88 19,97 21,25 24,31 26,49 27,31 28,51 29,23 31,90 32,69 33,39 36,96 37,21 38,38 40,94 41,1 45,84 46,34 47,26 48,17 49,55
35 0,62 1,89 2,57 3,14 4,29 5,43 9,52 10,32 11,91 12,26 14,94 15,33 16,6 19,53 20,45 22,39 23,47 24,97 25,24 27,36 28,92 29,58 30,6 31,2 37,18 40,9 41,51 42,72 44,28 45,53 46,81 49,39
36 0,11 2,90 3,18 4,29 5,51 6,88 7,22 8,19 9,53 10,27 11,1 12,63 15,92 16,42 17,81 19,7 20,3 22,67 23,4 26,17 29,86 31,39 32,40 33,61 34,96 37,23 38,77 39,27 40,67 41,8 42,93 44,46 45,29 46,69 47,90 48,7 49,97
37 0,99 1,49 2,25 4,17 5,31 6,30 9,34 11,53 13,59 15,89 16,60 17,53 19,74 20,32 21,90 22,54 24,65 25,52 28,37 29,70 30,21 31,24 32,50 34,21 35,18 36,23 45,82 47,58 48,44
38 0,49 1,0 2,0 3,0 4,57 8,56 10,60 11,18 12,63 14,36 15,96 16,45 17,1 18,85 19,2 22,73 25,73 28,18 30,77 31,7 32,96 34,38 36,77 40,8 41,99 42,79 43,32 44,42 46,82 47,69 49,1
39 1,26 2,13 3,93 5,54 7,95 9,37 10,0 11,22 12,73 14,16 15,49 17,95 18,57 21,63 22,24 23,41 25,29 27,76 28,77 31,98 33,78 36,27 40,92 43,41 45,68 46,72 47,6 48,12 49,19
40 0,29 1,16 2,55 3,45 4,9 6,13 7,94 10,76 11,52 15,79 17,28 18,81 19,6 21,54 22,83 24,31 25,8 26,32 28,37 29,60 31,82 32,93 34,94 35,9 36,67 38,8 39,92 41,32 42,88 44,16 45,9 46,84 48,67 49,19
41 2,60 3,47 6,74 8,58 9,76 10,46 11,15 13,68 15,51 18,90 19,57 20,98 23,85 24,40 25,54 26,62 27,56 28,36 29,74 30,2 32,82 34,1 35,51 36,8 38,99 40,32 42,60 43,50 44,42 45,48 46,57 47,1 48,82 49,41
42 0,58 1,7 2,45 3,23 5,84 6,40 7,1 9,77 12,8 13,93 14,10 16,89 21,86 22,23 23,85 25,48 26,16 27,79 28,1 29,32 30,16 32,88 33,4 35,72 36,93 38,79 40,88 41,60 43,54 45,32 48,91 49,99
43 4,38 5,69 6,58 10,16 11,8 13,85 15,17 16,93 18,75 19,47 20,5 21,74 22,59 24,50 25,87 27,79 28,14 29,58 31,91 33,90 38,32 39,41 41,50 42,54 44,65 45,28 46,80 49,97
44 0,97 1,24 4,63 5,1 6,60 7,14 9,57 10,1 11,89 16,59 17,79 19,82 20,23 21,7 22,62 23,61 24,2 25,46 26,86 27,73 28,10 29,14 30,24 32,16 33,27 35,28 36,46 38,42 40,16 41,42 43,65 45,82 46,51 47,55 48,54
45 1,2 4,11 5,52 6,48 7,15 8,86 9,74 10,19 12,90 15,37 16,23 17,74 19,48 20,5 23,34 27,79 28,54 30,95 31,0 33,86 34,84 35,53 36,29 37,82 39,68 40,9 41,48 42,32 43,28 44,82 46,87 47,3 48,72 49,97
46 0,14 9,33 10,44 12,61 13,29 14,77 16,74 17,29 18,59 19,87 20,40 21,54 23,67 25,99 26,14 29,61 30,13 31,77 32,72 34,34 35,81 36,69 38,82 39,72 40,84 41,57 43,80 44,51 45,87 47,63 48,85
47 0,66 1,3 2,93 3,95 6,82 8,74 9,54 11,74 12,17 13,98 14,50 15,51 17,2 18,3 19,40 21,30 22,59 25,31 27,38 28,53 31,69 34,26 36,90 37,58 38,69 39,6 41,1 44,55 45,3 46,63 49,56
48 0,48 1,56 2,64 3,74 5,72 9,88 10,70 11,98 13,73 14,23 15,69 18,57 20,69 22,63 26,19 27,84 28,2 30,63 32,32 33,10 34,17 36,7 37,44 39,12 40,67 41,82 42,91 44,54 45,72 46,85 49,22
49 1,76 2,57 7,33 9,36 10,88 12,46 15,84 16,13 17,87 18,74 20,10 21,51 22,23 23,89 26,3 27,40 28,73 29,51 30,45 31,23 32,54 34,55 35,39 36,97 38,1 39,19 40,19 41,41 42,99 43,97 45,97 47,56 48,22
