1 0,99 2,46 3,54 4,7 5,94 6,56 7,62 8,65 9,30 10,92 11,31 12,62 13,44 14,71 15,92 16,3 17,54 18,80 19,40
2 0,88 1,46 3,50 4,36 5,66 6,50 7,88 8,74 9,59 10,88 11,79 12,97 13,38 14,49 15,32 16,56 17,4 18,96 19,38 20,91 21,75 22,54 23,99 24,41 25,8 26,63 27,67 28,46 29,29 30,33 31,86 32,18
3 0,95 1,54 2,50 4,33 5,43 6,52 7,31 8,28 9,33 10,48 11,62 12,47 13,30 14,98 15,49 16,67 17,25 18,13 19,68 20,48 21,69 22,17 23,76 24,81 25,60 26,3 27,31 28,24 29,37 30,30 31,36 32,52 33,83 34,13 35,77 36,2 37,53 38,75 39,20 40,11 41,49 42,80 43,92 44,12 45,70 46,52 47,32 48,74
4 0,46 1,7 2,36 3,33 5,18 6,73 7,19 8,81 9,60 10,21 11,27 12,9 13,71 14,60 15,16 16,63 17,57 18,78 19,41 20,64 21,22 22,51 23,2 24,13
5 0,50 1,94
6 0,44 1,56 2,50 3,52 4,73 5,53 7,74 8,91 9,93 10,87 11,98 12,50 13,73
7 0,39 1,62 2,88 3,31 4,19 5,14 6,74 8,61 9,63 10,65 11,77 12,10 13,51 14,52 15,49 16,48 17,13 18,32 19,61 20,8
8 0,56 1,65 2,74 3,28 4,81 5,52 6,91 7,61 9,41 10,20 11,49 12,65 13,30 14,56 15,73 16,82 17,71 18,38 19,82 20,63 21,72 22,92 23,13 24,30 25,69 26,51 27,85 28,70 29,97 30,74 31,62 32,44 33,6 34,91 35,61 36,9 37,46 38,55 39,22 40,38 41,60 42,35 43,25 44,25 45,21 46,77 47,53
9 0,76 1,30 2,59 3,33 4,60 5,64 6,93 7,63 8,41 10,29 11,90 12,78 13,47 14,14 15,29 16,94 17,42 18,90 19,48 20,32 21,84 22,90 23,36 24,48 25,95 26,93 27,12 28,84 29,37 30,83 31,25 32,24 33,15 34,34 35,42 36,25 37,33 38,27 39,10 40,73 41,68 42,52 43,56 44,85 45,57
10 0,55 1,92 2,88 3,48 4,21 5,5 6,87 7,65 8,20 9,29 11,41 12,5 13,98 14,11 15,21 16,39 17,10 18,90 19,62 20,24 21,93 22,40 23,14 24,72 25,94 26,13 27,10 28,76 29,88 30,18 31,83 32,40 33,41 34,98 35,15 36,69 37,9
11 0,67 1,31 2,79 3,62 4,27 5,75 6,98 7,77 8,49 9,90 10,41 12,98 13,38 14,43 15,57 16,83 17,2 18,8 19,69 20,6 21,32 22,98 23,17 24,65 25,48 26,46 27,57 28,89 29,90 30,9
12 0,13 1,62 2,97 3,47 4,9 5,64 6,50 7,10 8,65 9,78 10,5 11,98 13,29 14,92 15,20 16,33 17,66 18,60 19,21 20,28 21,79 22,89 23,19 24,28
13 0,70 1,44 2,38 3,30 4,71 5,12 6,73 7,51 8,30 9,47 10,98 11,38 12,29 14,8 15,64 16,85 17,13 18,92 19,8 20,84 21,57 22,15 23,26 24,1
14 0,80 1,71 2,49 3,98 4,60 5,87 6,52 7,52 8,56 9,14 10,11 11,43 12,92 13,8 15,9 16,66 17,9 18,22 19,38 20,60 21,91 22,81 23,82 24,47 25,41 26,50 27,45 28,55 29,51 30,53 31,4 32,67 33,76 34,12 35,39 36,98 37,98 38,48 39,33 40,29 41,61 42,29 43,57 44,91 45,12 46,37
15 0,60 1,92 2,32 3,49 4,16 5,45 6,15 7,49 8,73 9,29 10,21 11,57 12,20 13,64 14,9
16 0,58 1,3 2,56 3,67 4,63 5,52 6,85 7,48 8,82 9,94 10,39 11,83 12,33 13,85 14,66 15,13
17 0,62 1,54 2,4 3,25 4,57 5,11 6,63 7,13 8,71 9,42 10,10 11,2 12,66 13,13 14,9 15,75 16,12 18,30
18 0,70 1,80 2,96 3,13 4,78 5,5 6,86 7,32 8,38 9,90 10,90 11,8 12,60 13,92 14,22 15,48 16,41 17,30 19,72 20,7
19 0,69 1,40 2,38 3,68 4,41 5,70 6,62 7,61 8,82 9,48 10,62 11,69 12,21 13,8 14,38 15,79 16,21 17,21 18,72 20,58 21,97 22,22 23,15 24,1 25,90 26,36 27,41
20 0,22 1,28 2,91 3,48 4,64 5,56 6,11 7,8
21 0,8 1,10 2,75 3,69 4,22 5,66 6,36 7,30 8,72 9,84 10,93 11,32 12,79 13,57 14,91 15,5 16,2 17,32 18,42 19,97 20,90 22,55 23,73 24,17 25,21 26,95 27,81 28,16 29,58 30,6 31,56
22 0,38 1,71 2,54 3,17 4,51 5,14 6,48 7,25 8,92 9,90 10,40 11,98 12,89 13,15 14,81 15,93 16,56 17,55 18,80 19,22 20,44 21,55 23,61 24,3 25,41 26,5 27,78 28,19 29,60 30,83 31,17 32,73 33,66
23 0,42 1,32 2,99 3,76 4,2
24 0,50 1,60 2,41 3,81 4,13 5,10 6,23 7,15 8,30 9,48 10,72 11,65 12,28 13,1 14,47 15,38 16,7 17,2 18,66 19,1 20,19 21,17 22,3 23,99 25,98 26,43 27,29 28,44 29,57 30,39 31,13 32,20 33,26 34,50 35,10 36,27 37,25 38,36 39,7 40,65 41,13 42,13 43,47 44,89 45,20 46,97 47,42 48,81
25 0,86 1,4 2,8 3,60 4,4 5,47 6,10 7,2 8,69 9,95 10,94 11,48 12,86 13,84 14,41 15,6 16,29 17,30 18,14 19,90 20,28 21,21 22,41 23,55 24,98 26,25 27,3 28,87
26 0,28 1,47 2,63 3,3 4,40 5,43 6,45 7,70 8,51 9,93 10,13 11,46 12,67 13,59 14,50 15,60 16,99 17,88 18,44 19,36 20,2 21,95 22,5 23,28 24,43 25,25 27,32 28,20 29,85 30,36 31,53 32,52 33,92 34,63 35,33
27 0,11 1,31 2,67
28 0,62 1,9 2,46 3,24 4,29 5,62 6,64 7,41 8,70 9,84 10,76 11,89 12,90 13,50 14,55 15,85 16,85 17,43 18,38 19,34 20,68 21,16
29 0,3 1,50 2,29 3,37 4,94 5,84 6,61 7,34 8,97 9,37 10,88 11,90 12,1 13,14 14,51 15,52 16,37 17,95 18,8 19,89 20,26 21,58 22,60 23,23 24,57 25,70 26,85 27,24 28,38 30,52 31,73 32,67 33,50 34,37 35,33 36,19 37,63 38,96 39,30 40,92 41,17
30 0,1 1,41 2,33 3,30 4,34 5,79 6,53 7,62 8,74 9,83 10,18 11,9 12,84 13,50 14,53 15,28 16,71 17,17 18,88 19,90 20,36 21,6 22,83 23,60 24,39 25,74 26,36 27,81 28,88 29,52 31,48 32,89 33,4 34,57 35,41 36,60 37,96 38,82 39,28 40,96 41,75
31 0,31 1,12 2,86 3,36 4,71 5,23 6,62 7,60 8,62 9,25 10,83 11,15 12,98 13,50 14,4 15,62 16,64 17,53 18,63 19,41 20,3 21,56 22,17
32 0,66 1,29 2,18 3,52 4,68 5,66 6,92 7,47 8,44 9,24
33 0,47 1,10
34 0,84 1,88 2,1 3,13 4,73 5,73 6,56 7,51 8,91 9,34 10,98 11,22 12,70 13,18 14,12 15,68 16,35 17,79 18,67 19,57 20,29 21,12 22,74 23,90 24,50 25,78 26,63 27,80 28,90 29,37 30,57 31,94 32,5 33,37
35 0,63 1,97 2,6 3,77 4,95 5,41 6,33 7,45 8,61 9,42 10,15 11,7
36 0,94 1,26 2,11 3,2 4,23 5,24 6,35 7,38 8,9 9,25 10,69 11,32 12,37 13,99 14,98 15,23 16,57 17,46 18,97 19,39 20,64 21,10 22,15 23,35 24,27 25,79 26,80 27,38 28,41 29,19 30,60 31,89 32,86 33,3 34,98 35,66 37,18 38,20 39,54 40,31 41,66 42,74 43,45 44,19 45,53 46,53
37 0,98 1,51 2,37 3,53 4,88 5,57 6,39 7,9 8,46 9,33 10,9 11,7 12,50 13,76 14,98 15,8 16,97
38 0,76 1,13 2,48 3,75 4,88 5,14 6,70 7,22 8,55 9,27 10,60 11,22 12,6 13,13 14,48 15,24 16,54 17,84 18,80 19,26 20,38 21,88 22,3 23,72 24,36 25,47 26,51 27,42 28,38 29,96 30,82 31,82 32,80 33,16 34,25 35,4 36,20 37,19 39,2
39 0,3 1,15 2,57 3,20 4,88 5,21 6,91 7,33 8,22
40 0,90 1,31 2,75 3,11 4,86 5,9 6,29 7,52 8,38 9,73
41 0,20 1,13 2,58 3,49 4,14 5,54 6,27 7,52 8,60 9,68 10,69 11,28 12,47 13,59 14,61 15,18 16,68 17,71 18,79 19,58 20,27 21,56
42 0,86 1,89 2,96
43 0,56 1,98 2,41 3,92 4,45 5,3 6,68 7,71 8,25 9,56 10,96 11,69 12,26 13,30 14,57 15,83 16,59 17,94 18,70 19,28 20,36 21,17 22,58 23,7 24,47 25,97 26,80 27,69 28,37 29,93 30,73 31,86 32,76 33,68 34,11
44 0,87 1,72 2,61 3,12 4,31 5,58 6,19 7,72 8,25 9,85 10,68 11,39 12,71 13,57 14,91 15,86 16,82 17,20 18,10 19,24 20,66 21,50 22,24 23,6 24,89 25,95 26,90 27,75 28,64 29,50 30,20 31,9 32,65 33,79 34,84 35,64 36,19 37,35 38,46 39,16 40,31 41,75
45 0,52 1,32 2,21 3,70 4,45 5,76 6,33 7,29 8,21 9,57 10,77 11,54 12,29 13,29 14,12 15,42 16,92 17,54 18,94 19,85 20,7 21,83
46 0,76 1,47 2,20 3,52 4,39 5,52 6,22 7,77 8,77 9,82 10,36 11,84 12,23 13,12 14,37 15,41 16,12 17,97 18,56 19,77 20,81 21,82 22,73 23,16 24,97 25,24 26,30 27,13 28,27 29,91 30,27 31,34 32,26 33,61 34,10 35,61 36,53 37,99 38,24 39,41 40,67 41,81 42,45 43,58
47 0,94 1,84 2,93 3,32 4,33 5,23 6,26 7,80 8,53 9,72 10,38 11,15 12,31 13,31 14,96 15,95 16,2 17,64 18,62 19,74 20,55 21,96 22,71 23,90 24,42 25,16 26,71 27,69 28,49
48 0,98 1,22 2,10 3,74 4,87 5,48 6,69 7,99 8,70 9,16
49 0,21 1,80 2,58 3,62 4,41 5,80 6,89 7,32 8,66 9,16 10,43 11,57 12,96 13,57 14,22 15,22 16,86 17,54 18,73 19,22 20,81 21,81 22,19 23,97 24,42 25,29 26,18 27,10 28,32 29,6 30,1 31,14 32,6 33,92 34,17 35,77 36,23 37,79 38,93 39,15 40,61 41,40 42,23 43,2 44,81
